sbj,Session,Condition,Score,condition



1,1,4,41.0855673003497,ZeroBack
1,1,5,49.5739721072304,OneBack
1,1,6,53.8181745106708,TwoBack

1,2,4,37,ZeroBack
1,2,5,59.219886660504,OneBack
1,2,6,61.1490695711587,TwoBack

1,3,4,46.4872794501829,ZeroBack
1,3,5,61.1490695711587,OneBack
1,3,6,84.2992644990153,TwoBack



2,1,1,20.6362284474097,MATB_easy
2,1,2,41.4714038824806,MATB_med
2,1,3,94.7168522165508,MATB_diff
2,1,4,31.4396527470761,ZeroBack
2,1,5,19.4787187010168,OneBack
2,1,6,57,TwoBack
2,1,7,56.1331940034565,PVT
2,1,8,53.0465013464089,Flanker
2,2,1,25,MATB_easy
2,2,2,43.0147502110044,MATB_med
2,2,3,56.1331940034565,MATB_diff
2,2,4,20.6362284474097,ZeroBack
2,2,5,24.4945942687191,OneBack
2,2,6,49.1881355250995,TwoBack
2,2,7,66.164945138861,PVT
2,2,8,30.2821430006833,Flanker
2,3,1,21.0220650295406,MATB_easy
2,3,2,44.1722599573972,MATB_med
2,3,3,46.8731160323138,MATB_diff
2,3,4,14.8486797154455,ZeroBack
2,3,5,23.3370845223263,OneBack
2,3,6,42.2430770467425,TwoBack
2,3,7,43.4005867931353,PVT
2,3,8,32.9829990755999,Flanker
3,1,1,49.1881355250995,MATB_easy
3,1,2,71.1808207065632,MATB_med
3,1,3,102,MATB_diff
3,1,4,24.88043085085,ZeroBack
3,1,5,37.2272014790402,OneBack
3,1,6,71,TwoBack
3,1,7,36.8413648969093,PVT
3,1,8,56.9048671677183,Flanker
3,2,1,24.4945942687191,MATB_easy
3,2,2,49.9598086893614,MATB_med
3,2,3,92.7876693058961,MATB_diff
3,2,4,18.707045536755,ZeroBack
3,2,5,20,OneBack
3,2,6,78.1258791849202,TwoBack
3,2,7,46.8731160323138,PVT
3,2,8,25.266267432981,Flanker
3,3,1,20,MATB_easy
3,3,2,51.1173184357542,MATB_med
3,3,3,85,MATB_diff
3,3,4,13.6911699690527,ZeroBack
3,3,5,26.0379405972429,OneBack
3,3,6,51.1173184357542,TwoBack
3,3,7,56.9048671677183,PVT
3,3,8,38.770547807564,Flanker
4,1,1,25,MATB_easy
4,1,2,25,MATB_med
4,1,3,37,MATB_diff
4,1,4,2,ZeroBack
4,1,5,13,OneBack
4,1,6,25,TwoBack
4,1,7,13.3053333869217,PVT
4,1,8,25,Flanker
4,2,1,13,MATB_easy
4,2,2,32.5971624934689,MATB_med
4,2,3,36.4555283147783,MATB_diff
4,2,4,2,ZeroBack
4,2,5,12.9194968047908,OneBack
4,2,6,11.761987058398,TwoBack
4,2,7,3.27358225151722,PVT
4,2,8,13,Flanker
4,3,1,13,MATB_easy
4,3,2,25,MATB_med
4,3,3,37,MATB_diff
4,3,4,2,ZeroBack
4,3,5,13,OneBack
4,3,6,25,TwoBack
4,3,7,25,PVT
4,3,8,25,Flanker
5,1,1,13,MATB_easy
5,1,2,25,MATB_med
5,1,3,85,MATB_diff
5,1,4,2.50190908725534,ZeroBack
5,1,5,12.9194968047908,OneBack
5,1,6,57,TwoBack
5,1,7,13,PVT
5,1,8,57.2907037498493,Flanker
5,2,1,25,MATB_easy
5,2,2,37,MATB_med
5,2,3,71,MATB_diff
5,2,4,15.6203528797074,ZeroBack
5,2,5,25,OneBack
5,2,6,70.7949841244323,TwoBack
5,2,7,25,PVT
5,2,8,70.7949841244323,Flanker
5,3,1,13,MATB_easy
5,3,2,13.6911699690527,MATB_med
5,3,3,36.0696917326474,MATB_diff
5,3,4,13.3053333869217,ZeroBack
5,3,5,13.3053333869217,OneBack
5,3,6,37.2272014790402,TwoBack
5,3,7,25,PVT
5,3,8,24.88043085085,Flanker
6,1,1,23.3370845223263,MATB_easy
6,1,2,24.4945942687191,MATB_med
6,1,3,36.8413648969093,MATB_diff
6,1,4,23.7229211044572,ZeroBack
6,1,5,34.1405088219927,OneBack
6,1,6,36.8413648969093,TwoBack
6,1,7,24.1087576865882,PVT
6,1,8,24.88043085085,Flanker
6,2,1,24.88043085085,MATB_easy
6,2,2,24.1087576865882,MATB_med
6,2,3,36.4555283147783,MATB_diff
6,2,4,12.9194968047908,ZeroBack
6,2,5,24.88043085085,OneBack
6,2,6,24.4945942687191,TwoBack
6,2,7,24.1087576865882,PVT
6,2,8,24.4945942687191,Flanker
6,3,1,21.4079016116716,MATB_easy
6,3,2,25,MATB_med
6,3,3,25,MATB_diff
6,3,4,12.9194968047908,ZeroBack
6,3,5,22.5654113580644,OneBack
6,3,6,25,TwoBack
6,3,7,25,PVT
6,3,8,25,Flanker
7,1,1,52.274828182147,MATB_easy
7,1,2,62.6924158996825,MATB_med
7,1,3,100,MATB_diff
7,1,4,37,ZeroBack
7,1,5,48.0306257787066,OneBack
7,1,6,62.6924158996825,TwoBack
7,1,7,37,PVT
7,1,8,102.43358385917,Flanker
7,2,1,43.0147502110044,MATB_easy
7,2,2,71,MATB_med
7,2,3,113.622844740967,MATB_diff
7,2,4,37,ZeroBack
7,2,5,54.9756842570636,OneBack
7,2,6,90.0868132309795,TwoBack
7,2,7,92.7876693058961,PVT
7,2,8,61.5349061532897,Flanker
7,3,1,91.2443229773723,MATB_easy
7,3,2,61.1490695711587,MATB_med
7,3,3,75.4250231100036,MATB_diff
7,3,4,46.8731160323138,ZeroBack
7,3,5,43.0147502110044,OneBack
7,3,6,93.5593424701579,TwoBack
7,3,7,85.8426108275391,PVT
7,3,8,93.5593424701579,Flanker
8,1,1,71,MATB_easy
8,1,2,86.614283991801,MATB_med
8,1,3,100.890237530646,MATB_diff
8,1,4,39.1563843896949,ZeroBack
8,1,5,85,OneBack
8,1,6,85,TwoBack
8,1,7,71,PVT
8,1,8,79.2833889313131,Flanker
8,2,1,65.77910855673,MATB_easy
8,2,2,81.5984084240987,MATB_med
8,2,3,91.2443229773723,MATB_diff
8,2,4,37,ZeroBack
8,2,5,69.2516377959085,OneBack
8,2,6,80,TwoBack
8,2,7,70.4091475423014,PVT
8,2,8,80.4408986777059,Flanker
8,3,1,67.7082914673848,MATB_easy
8,3,2,68.0941280495157,MATB_med
8,3,3,94.7168522165508,MATB_diff
8,3,4,67.3224548852538,ZeroBack
8,3,5,65.77910855673,OneBack
8,3,6,81.5984084240987,TwoBack
8,3,7,75.8108596921346,PVT
8,3,8,78.1258791849202,Flanker
9,1,1,13,MATB_easy
9,1,2,15.6203528797074,MATB_med
9,1,3,45.32976970379,MATB_diff
9,1,4,20,ZeroBack
9,1,5,46.4872794501829,OneBack
9,1,6,46.1014428680519,TwoBack
9,1,7,33.3688356577308,PVT
9,1,8,22.9512479401953,Flanker
9,2,1,2,MATB_easy
9,2,2,14.8486797154455,MATB_med
9,2,3,4.81692858004099,MATB_diff
9,2,4,0.572726176600619,ZeroBack
9,2,5,23.7229211044572,OneBack
9,2,6,42.2430770467425,TwoBack
9,2,7,6.36027490856477,PVT
9,2,8,37.2272014790402,Flanker
9,3,1,3.27358225151722,MATB_easy
9,3,2,11.376150476267,MATB_med
9,3,3,29.1246332542904,MATB_diff
9,3,4,2.11607250512439,ZeroBack
9,3,5,14.8486797154455,OneBack
9,3,6,65.77910855673,TwoBack
9,3,7,29.5104698364214,PVT
9,3,8,18.321208954624,Flanker
10,1,1,94.3310156344198,MATB_easy
10,1,2,73.110003617218,MATB_med
10,1,3,102.43358385917,MATB_diff
10,1,4,37.9988746433021,ZeroBack
10,1,5,26.0379405972429,OneBack
10,1,6,93.9451790522889,TwoBack
10,1,7,71.5666572886942,PVT
10,1,8,102.819420441301,Flanker
10,2,1,71.9524938708251,MATB_easy
10,2,2,78.8975523491821,MATB_med
10,2,3,102.43358385917,MATB_diff
10,2,4,24.4945942687191,ZeroBack
10,2,5,37.2272014790402,OneBack
10,2,6,86.614283991801,TwoBack
10,2,7,85.0709376632772,PVT
10,2,8,78.8975523491821,Flanker
10,3,1,86.22844740967,MATB_easy
10,3,2,71.9524938708251,MATB_med
10,3,3,103.591093605562,MATB_diff
10,3,4,26.8096137615048,ZeroBack
10,3,5,39.5422209718259,OneBack
10,3,6,94.7168522165508,TwoBack
10,3,7,84.2992644990153,PVT
10,3,8,69.6374743780395,Flanker
11,1,1,50.3456452714923,MATB_easy
11,1,2,30.6679795828142,MATB_med
11,1,3,44.5580965395282,MATB_diff
11,1,4,59.6057232426349,ZeroBack
11,1,5,49.1881355250995,OneBack
11,1,6,31.4396527470761,TwoBack
11,1,7,71.1808207065632,PVT
11,1,8,71.5666572886942,Flanker
11,2,1,13,MATB_easy
11,2,2,37,MATB_med
11,2,3,71,MATB_diff
11,2,4,22.1795747759334,ZeroBack
11,2,5,32.9829990755999,OneBack
11,2,6,44.5580965395282,TwoBack
11,2,7,57,PVT
11,2,8,85.0709376632772,Flanker
11,3,1,25.6521040151119,MATB_easy
11,3,2,25,MATB_med
11,3,3,71,MATB_diff
11,3,4,37,ZeroBack
11,3,5,102,OneBack
11,3,6,25,TwoBack
11,3,7,70.7949841244323,PVT
11,3,8,57,Flanker
12,1,1,36.0696917326474,MATB_easy
12,1,2,38.770547807564,MATB_med
12,1,3,56.1331940034565,MATB_diff
12,1,4,23.7229211044572,ZeroBack
12,1,5,35.6838551505165,OneBack
12,1,6,25.266267432981,TwoBack
12,1,7,24.88043085085,PVT
12,1,8,36.4555283147783,Flanker
12,2,1,12.1478236405289,MATB_easy
12,2,2,20.2503918652787,MATB_med
12,2,3,31.0538161649451,MATB_diff
12,2,4,4.81692858004099,ZeroBack
12,2,5,12.9194968047908,OneBack
12,2,6,12.9194968047908,TwoBack
12,2,7,12.5336602226599,PVT
12,2,8,12.1478236405289,Flanker
12,3,1,9.06113098348137,MATB_easy
12,3,2,33.7546722398617,MATB_med
12,3,3,35.6838551505165,MATB_diff
12,3,4,9.06113098348137,ZeroBack
12,3,5,10,OneBack
12,3,6,20,TwoBack
12,3,7,6.74611149069571,PVT
12,3,8,29.1246332542904,Flanker
13,1,1,37,MATB_easy
13,1,2,56.9048671677183,MATB_med
13,1,3,99.732727784253,MATB_diff
13,1,4,16.0061894618383,ZeroBack
13,1,5,21.4079016116716,OneBack
13,1,6,43.0147502110044,TwoBack
13,1,7,29.8963064185523,PVT
13,1,8,44.1722599573972,Flanker
13,2,1,69.6374743780395,MATB_easy
13,2,2,57.6765403319802,MATB_med
13,2,3,79.669225513444,MATB_diff
13,2,4,21.0220650295406,ZeroBack
13,2,5,32.211325911338,OneBack
13,2,6,49.5739721072304,TwoBack
13,2,7,34.5263454041236,PVT
13,2,8,37,Flanker
13,3,1,42.6289136288734,MATB_easy
13,3,2,50,MATB_med
13,3,3,76.1966962742655,MATB_diff
13,3,4,20.2503918652787,ZeroBack
13,3,5,29.1246332542904,OneBack
13,3,6,74.6533499457417,TwoBack
13,3,7,31.825489329207,PVT
13,3,8,37,Flanker
14,1,1,37,MATB_easy
14,1,2,38.3847112254331,MATB_med
14,1,3,57,MATB_diff
14,1,4,37,ZeroBack
14,1,5,37,OneBack
14,1,6,63.0782524818134,TwoBack
14,1,7,57,PVT
14,1,8,57,Flanker
14,2,1,37.9988746433021,MATB_easy
14,2,2,44.1722599573972,MATB_med
14,2,3,56.9048671677183,MATB_diff
14,2,4,30.2821430006833,ZeroBack
14,2,5,28.7387966721595,OneBack
14,2,6,44.1722599573972,TwoBack
14,2,7,46.4872794501829,PVT
14,2,8,51.5031550178851,Flanker
15,1,1,37,MATB_easy
15,1,2,56.5190305855874,MATB_med
15,1,3,71.1808207065632,MATB_diff
15,1,4,24.88043085085,ZeroBack
15,1,5,25,OneBack
15,1,6,57.2907037498493,TwoBack
15,1,7,85.0709376632772,PVT
15,1,8,57.2907037498493,Flanker
15,2,1,38.3847112254331,MATB_easy
15,2,2,41.0855673003497,MATB_med
15,2,3,101.661910694908,MATB_diff
15,2,4,46.4872794501829,ZeroBack
15,2,5,36.4555283147783,OneBack
15,2,6,85.0709376632772,TwoBack
15,2,7,79.2833889313131,PVT
15,2,8,85.8426108275391,Flanker
15,3,1,37.6130380611712,MATB_easy
15,3,2,50.3456452714923,MATB_med
15,3,3,92.4018327237651,MATB_diff
15,3,4,37.6130380611712,ZeroBack
15,3,5,50.3456452714923,OneBack
15,3,6,71.1808207065632,TwoBack
15,3,7,71.5666572886942,PVT
15,3,8,71.9524938708251,Flanker
16,1,1,38.3847112254331,MATB_easy
16,1,2,42.2430770467425,MATB_med
16,1,3,72.3383304529561,MATB_diff
16,1,4,19.8645552831478,ZeroBack
16,1,5,22.1795747759334,OneBack
16,1,6,47.2589526144448,TwoBack
16,1,7,37.9988746433021,PVT
16,1,8,37.9988746433021,Flanker
16,2,1,37.9988746433021,MATB_easy
16,2,2,39.1563843896949,MATB_med
16,2,3,53.8181745106708,MATB_diff
16,2,4,36.4555283147783,ZeroBack
16,2,5,35.6838551505165,OneBack
16,2,6,50.3456452714923,TwoBack
16,2,8,38.770547807564,Flanker
16,3,1,43.0147502110044,MATB_easy
16,3,2,41.8572404646116,MATB_med
16,3,3,53.4323379285399,MATB_diff
16,3,5,27.9671235078976,OneBack
16,3,6,38.770547807564,TwoBack
16,3,7,41.4714038824806,PVT
16,3,8,42.2430770467425,Flanker
17,1,1,25.266267432981,MATB_easy
17,1,2,39.9280575539568,MATB_med
17,1,3,58.0623769141112,MATB_diff
17,1,4,31.0538161649451,ZeroBack
17,1,5,44.5580965395282,OneBack
17,1,6,59.6057232426349,TwoBack
17,1,7,53.0465013464089,PVT
17,1,8,54.5898476749327,Flanker
17,2,1,39.5422209718259,MATB_easy
17,2,2,48.4164623608376,MATB_med
17,2,3,57.2907037498493,MATB_diff
17,2,4,34.1405088219927,ZeroBack
17,2,5,41.8572404646116,OneBack
17,2,6,63.8499256460753,TwoBack
17,2,7,56.1331940034565,PVT
17,2,8,63.0782524818134,Flanker
17,3,1,24.88043085085,MATB_easy
17,3,2,36.8413648969093,MATB_med
17,3,3,62.6924158996825,MATB_diff
17,3,4,26.0379405972429,ZeroBack
17,3,5,44.5580965395282,OneBack
17,3,6,48.0306257787066,TwoBack
17,3,7,32.5971624934689,PVT
17,3,8,56.9048671677183,Flanker
18,1,1,57,MATB_easy
18,1,2,85,MATB_med
18,1,3,102,MATB_diff
18,1,4,37,ZeroBack
18,1,5,57,OneBack
18,1,6,71,TwoBack
18,1,7,71,PVT
18,1,8,85,Flanker
18,2,1,24.1087576865882,MATB_easy
18,2,2,85,MATB_med
18,2,3,101.276074112777,MATB_diff
18,2,4,25,ZeroBack
18,2,5,35.2980185683855,OneBack
18,2,6,58.4482134962421,TwoBack
18,2,7,71,PVT
18,2,8,84.2992644990153,Flanker
18,3,1,25.266267432981,MATB_easy
18,3,2,59.6057232426349,MATB_med
18,3,3,87.0001205739319,MATB_diff
18,3,4,26.0379405972429,ZeroBack
18,3,5,37,OneBack
18,3,6,57,TwoBack
18,3,7,86.614283991801,PVT
18,3,8,86.614283991801,Flanker
19,1,1,44.9439331216591,MATB_easy
19,1,3,109.764478919658,MATB_diff
19,1,4,13.3053333869217,ZeroBack
19,1,5,65.0074353924682,OneBack
19,1,6,85,TwoBack
19,1,7,56.1331940034565,PVT
19,1,8,101.661910694908,Flanker
19,2,1,25.266267432981,MATB_easy
19,2,2,42.6289136288734,MATB_med
19,2,3,96.2601985450746,MATB_diff
19,2,4,31.0538161649451,ZeroBack
19,2,5,42.2430770467425,OneBack
19,2,6,49.9598086893614,TwoBack
19,2,7,41.0855673003497,PVT
19,2,8,49.9598086893614,Flanker
19,3,1,23.7229211044572,MATB_easy
19,3,2,37.9988746433021,MATB_med
19,3,3,71.1808207065632,MATB_diff
19,3,4,18.707045536755,ZeroBack
19,3,5,24.4945942687191,OneBack
19,3,6,57.6765403319802,TwoBack
19,3,7,30.2821430006833,PVT
19,3,8,43.7864233752663,Flanker
20,1,1,13,MATB_easy
20,1,2,25,MATB_med
20,1,3,71,MATB_diff
20,1,4,25,ZeroBack
20,1,5,57,OneBack
20,1,6,57,TwoBack
20,1,7,74.6533499457417,PVT
20,1,8,71,Flanker
20,2,1,25,MATB_easy
20,2,2,37,MATB_med
20,2,3,85,MATB_diff
20,2,4,25,ZeroBack
20,2,5,37,OneBack
20,2,6,71,TwoBack
20,2,7,37,PVT
20,2,8,37,Flanker
20,3,1,13,MATB_easy
20,3,2,21.0220650295406,MATB_med
20,3,3,71,MATB_diff
20,3,4,27.1954503436357,ZeroBack
20,3,5,37,OneBack
20,3,6,25,TwoBack
20,3,7,57,PVT
20,3,8,37,Flanker
21,1,1,88.5434669024557,MATB_easy
21,1,2,70,MATB_med
21,1,3,112.079498412443,MATB_diff
21,1,4,48.0306257787066,ZeroBack
21,1,5,54.9756842570636,OneBack
21,1,6,80.4408986777059,TwoBack
21,1,7,112,PVT
21,1,8,85.4567742454081,Flanker
21,2,1,16.0061894618383,MATB_easy
21,2,2,19.0928821188859,MATB_med
21,2,3,98.5752180378602,MATB_diff
21,2,4,37.9988746433021,ZeroBack
21,2,5,38.3847112254331,OneBack
21,2,6,90.8584863952414,TwoBack
21,2,7,49.5739721072304,PVT
21,2,8,25.6521040151119,Flanker
21,3,1,13.6911699690527,MATB_easy
21,3,2,0.186889594469676,MATB_med
21,3,3,111.307825248181,MATB_diff
21,3,4,38.3847112254331,ZeroBack
21,3,5,55.3615208391946,OneBack
21,3,6,39.9280575539568,TwoBack
21,3,7,79.669225513444,PVT
21,3,8,83.5275913347534,Flanker
22,1,1,61.5349061532897,MATB_easy
22,1,2,96.6460351272055,MATB_med
22,1,3,106.67778626261,MATB_diff
22,1,4,46.1014428680519,ZeroBack
22,1,5,56.5190305855874,OneBack
22,1,6,43.0147502110044,TwoBack
22,1,7,59.219886660504,PVT
22,1,8,50,Flanker
22,2,1,70.4091475423014,MATB_easy
22,2,2,77.7400426027893,MATB_med
22,2,3,71.9524938708251,MATB_diff
22,2,4,56.9048671677183,ZeroBack
22,2,5,59.6057232426349,OneBack
22,2,6,68.0941280495157,TwoBack
22,2,7,75.0391865278727,PVT
22,2,8,38.3847112254331,Flanker
22,3,1,66.5507817209919,MATB_easy
22,3,2,68.0941280495157,MATB_med
22,3,3,93.9451790522889,MATB_diff
22,3,4,40.3138941360878,ZeroBack
22,3,5,56.5190305855874,OneBack
22,3,6,52.660664764278,TwoBack
22,3,7,63.4640890639444,PVT
22,3,8,36.0696917326474,Flanker
23,1,1,41.8572404646116,MATB_easy
23,1,2,42.2430770467425,MATB_med
23,1,3,49.9598086893614,MATB_diff
23,1,4,27.1954503436357,ZeroBack
23,1,5,25,OneBack
23,1,6,37.6130380611712,TwoBack
23,1,7,24.88043085085,PVT
23,1,8,34.5263454041236,Flanker
23,2,1,34.1405088219927,MATB_easy
23,2,2,46.1014428680519,MATB_med
23,2,3,45.32976970379,MATB_diff
23,2,4,23.3370845223263,ZeroBack
23,2,5,37,OneBack
23,2,6,13.6911699690527,TwoBack
23,2,7,23.3370845223263,PVT
23,2,8,19.4787187010168,Flanker
23,3,1,24.4945942687191,MATB_easy
23,3,2,22.1795747759334,MATB_med
23,3,3,41.0855673003497,MATB_diff
23,3,4,13,ZeroBack
23,3,5,51.5031550178851,OneBack
23,3,6,48.0306257787066,TwoBack
23,3,7,43.7864233752663,PVT
23,3,8,49.1881355250995,Flanker
24,1,1,40.3138941360878,MATB_easy
24,1,2,56.1331940034565,MATB_med
24,1,3,95.4885253808127,MATB_diff
24,1,4,30.2821430006833,ZeroBack
24,1,5,29.8963064185523,OneBack
24,1,6,49.9598086893614,TwoBack
24,1,7,37.2272014790402,PVT
24,1,8,84.6851010811463,Flanker
24,2,1,46.1014428680519,MATB_easy
24,2,2,57.6765403319802,MATB_med
24,2,3,76.5825328563964,MATB_diff
24,2,4,19.0928821188859,ZeroBack
24,2,5,24.88043085085,OneBack
24,2,6,29.8963064185523,TwoBack
24,2,7,37,PVT
24,2,8,56.9048671677183,Flanker
24,3,1,33.3688356577308,MATB_easy
24,3,2,45.715606285921,MATB_med
24,3,3,85,MATB_diff
24,3,4,25.266267432981,ZeroBack
24,3,5,29.5104698364214,OneBack
24,3,6,58.0623769141112,TwoBack
24,3,7,57.2907037498493,PVT
24,3,8,65.77910855673,Flanker
25,1,1,29.1246332542904,MATB_easy
25,1,2,43.4005867931353,MATB_med
25,1,3,101.276074112777,MATB_diff
25,1,4,15.6203528797074,ZeroBack
25,1,5,31.4396527470761,OneBack
25,1,6,100.504400948515,TwoBack
25,1,7,75.0391865278727,PVT
25,1,8,76.9683694385274,Flanker
25,2,1,17.9353723724931,MATB_easy
25,2,2,46.4872794501829,MATB_med
25,2,3,71.5666572886942,MATB_diff
25,2,4,28.3529600900285,ZeroBack
25,2,5,37.2272014790402,OneBack
25,2,6,85,TwoBack
25,2,7,42.6289136288734,PVT
25,2,8,29.8963064185523,Flanker
25,3,1,17.5495357903621,MATB_easy
25,3,2,37.6130380611712,MATB_med
25,3,3,57.6765403319802,MATB_diff
25,3,4,17.5495357903621,ZeroBack
25,3,5,29.1246332542904,OneBack
25,3,6,70.4091475423014,TwoBack
25,3,7,35.2980185683855,PVT
25,3,8,19.4787187010168,Flanker
26,1,1,60.7632329890278,MATB_easy
26,1,2,49.1881355250995,MATB_med
26,1,3,112.079498412443,MATB_diff
26,1,4,10.6044773120051,ZeroBack
26,1,5,25,OneBack
26,1,6,31.0538161649451,TwoBack
26,1,7,2.11607250512439,PVT
26,1,8,13,Flanker
26,2,1,24.4945942687191,MATB_easy
26,2,2,36.8413648969093,MATB_med
26,2,3,93.5593424701579,MATB_diff
26,2,4,7.13194807282665,ZeroBack
26,2,5,14.0770065511836,OneBack
26,2,6,23.7229211044572,TwoBack
26,2,7,5.58860174430288,PVT
26,2,8,25,Flanker
26,3,1,23.3370845223263,MATB_easy
26,3,2,37.6130380611712,MATB_med
26,3,3,84.2992644990153,MATB_diff
26,3,4,13.3053333869217,ZeroBack
26,3,5,9.44696756561232,OneBack
26,3,6,24.88043085085,TwoBack
26,3,7,13.6911699690527,PVT
26,3,8,37,Flanker
27,1,1,64.2357622282063,MATB_easy
27,1,2,88.9293034845866,MATB_med
27,1,3,108.221132591134,MATB_diff
27,1,4,88.1576303203247,ZeroBack
27,1,5,77.7400426027893,OneBack
27,1,6,106.291949680479,TwoBack
27,1,7,80.4408986777059,PVT
27,1,8,98.1893814557293,Flanker
27,2,1,46.4872794501829,MATB_easy
27,2,2,54.5898476749327,MATB_med
27,2,3,91.6301595595032,MATB_diff
27,2,4,80.8267352598368,ZeroBack
27,2,5,56.9048671677183,OneBack
27,2,6,87.0001205739319,TwoBack
27,2,7,83.5275913347534,PVT
27,2,8,71.5666572886942,Flanker
27,3,1,37,MATB_easy
27,3,2,46.1014428680519,MATB_med
27,3,3,71.1808207065632,MATB_diff
27,3,4,32.5971624934689,ZeroBack
27,3,5,37,OneBack
27,3,6,102,TwoBack
27,3,7,85,PVT
27,3,8,71,Flanker
28,1,1,38.770547807564,MATB_easy
28,1,2,56.1331940034565,MATB_med
28,1,3,89.7009766488485,MATB_diff
28,1,4,37.6130380611712,ZeroBack
28,1,5,45.32976970379,OneBack
28,1,6,95.1026887986817,TwoBack
28,1,7,103.205257023432,PVT
28,1,8,71.1808207065632,Flanker
28,2,1,36.8413648969093,MATB_easy
28,2,2,43.4005867931353,MATB_med
28,2,3,57,MATB_diff
28,2,4,36.4555283147783,ZeroBack
28,2,5,48.8022989429685,OneBack
28,2,6,49.5739721072304,TwoBack
28,2,7,50.7314818536233,PVT
28,2,8,40,Flanker
28,3,1,26.0379405972429,MATB_easy
28,3,2,42.2430770467425,MATB_med
28,3,3,57,MATB_diff
28,3,4,30,ZeroBack
28,3,5,45.715606285921,OneBack
28,3,6,57.2907037498493,TwoBack
28,3,7,57,PVT
28,3,8,70,Flanker
29,1,1,41.4714038824806,MATB_easy
29,1,2,93.9451790522889,MATB_med
29,1,3,103.205257023432,MATB_diff
29,1,4,38.3847112254331,ZeroBack
29,1,5,65.77910855673,OneBack
29,1,6,98.9610546199912,TwoBack
29,1,7,46.4872794501829,PVT
29,1,8,40,Flanker
29,2,1,49.5739721072304,MATB_easy
29,2,2,71.9524938708251,MATB_med
29,2,3,90.4726498131104,MATB_diff
29,2,4,30.6679795828142,ZeroBack
29,2,5,35.2980185683855,OneBack
29,2,6,44.9439331216591,TwoBack
29,2,7,53.0465013464089,PVT
29,2,8,38.3847112254331,Flanker
29,3,1,26.0379405972429,MATB_easy
29,3,2,43.0147502110044,MATB_med
29,3,3,64.6215988103372,MATB_diff
29,3,4,37.2272014790402,ZeroBack
29,3,5,47.2589526144448,OneBack
29,3,6,65.77910855673,TwoBack
29,3,7,67.7082914673848,PVT
29,3,8,77.7400426027893,Flanker
